 6.000e-01  5.019e-06  4.424e-01  6.000e-01 
 1.200e+00  6.675e-06  4.424e-01  1.200e+00 
 6.000e-01  4.264e-06  4.534e-01  6.000e-01 
 1.200e+00  5.672e-06  4.528e-01  1.200e+00 
 6.000e-01  5.586e-06  4.566e-01  6.000e-01 
 1.200e+00  7.398e-06  4.556e-01  1.200e+00 
 6.000e-01  7.247e-06  4.577e-01  6.000e-01 
 1.200e+00  9.568e-06  4.565e-01  1.200e+00 
 6.000e-01  9.075e-06  4.580e-01  6.000e-01 
 1.200e+00  1.196e-05  4.566e-01  1.200e+00 
 6.000e-01  1.101e-05  4.578e-01  6.000e-01 
 1.200e+00  1.448e-05  4.564e-01  1.200e+00 
 6.000e-01  1.304e-05  4.575e-01  6.000e-01 
 1.200e+00  1.711e-05  4.560e-01  1.200e+00 
 6.000e-01  1.513e-05  4.570e-01  6.000e-01 
 1.200e+00  1.983e-05  4.555e-01  1.200e+00 
 6.000e-01  1.728e-05  4.565e-01  6.000e-01 
 1.200e+00  2.261e-05  4.549e-01  1.200e+00 
 6.000e-01  1.837e-05  4.562e-01  6.000e-01 
 1.200e+00  2.402e-05  4.546e-01  1.200e+00 
 6.000e-01  4.222e-05  4.500e-01  6.000e-01 
 1.200e+00  5.460e-05  4.482e-01  1.200e+00 
 6.000e-01  6.892e-05  4.442e-01  6.000e-01 
 1.200e+00  8.839e-05  4.423e-01  1.200e+00 
 6.000e-01  9.785e-05  4.390e-01  6.000e-01 
 1.200e+00  1.247e-04  4.371e-01  1.200e+00 
 6.000e-01  1.287e-04  4.344e-01  6.000e-01 
 1.200e+00  1.630e-04  4.325e-01  1.200e+00 
 6.000e-01  1.611e-04  4.304e-01  6.000e-01 
 1.200e+00  2.032e-04  4.284e-01  1.200e+00 
 6.000e-01  1.950e-04  4.267e-01  6.000e-01 
 1.200e+00  2.449e-04  4.248e-01  1.200e+00 
 6.000e-01  2.303e-04  4.234e-01  6.000e-01 
 1.200e+00  2.881e-04  4.214e-01  1.200e+00 
 6.000e-01  2.666e-04  4.203e-01  6.000e-01 
 1.200e+00  3.326e-04  4.184e-01  1.200e+00 
 6.000e-01  3.041e-04  4.176e-01  6.000e-01 
 1.200e+00  3.782e-04  4.156e-01  1.200e+00 
 6.000e-01  3.421e-04  4.152e-01  6.000e-01 
 1.200e+00  4.244e-04  4.132e-01  1.200e+00 
 6.000e-01  3.808e-04  4.130e-01  6.000e-01 
 1.200e+00  4.714e-04  4.111e-01  1.200e+00 
 6.000e-01  4.202e-04  4.110e-01  6.000e-01 
 1.200e+00  5.192e-04  4.090e-01  1.200e+00 
 6.000e-01  4.604e-04  4.091e-01  6.000e-01 
 1.200e+00  5.679e-04  4.071e-01  1.200e+00 
 6.000e-01  5.012e-04  4.073e-01  6.000e-01 
 1.200e+00  6.172e-04  4.053e-01  1.200e+00 
 6.000e-01  5.427e-04  4.056e-01  6.000e-01 
 1.200e+00  6.672e-04  4.037e-01  1.200e+00 
 6.000e-01  5.847e-04  4.040e-01  6.000e-01 
 1.200e+00  7.179e-04  4.021e-01  1.200e+00 
 6.000e-01  6.272e-04  4.025e-01  6.000e-01 
 1.200e+00  7.691e-04  4.006e-01  1.200e+00 
 6.000e-01  6.703e-04  4.011e-01  6.000e-01 
 1.200e+00  8.209e-04  3.992e-01  1.200e+00 
 6.000e-01  7.139e-04  3.998e-01  6.000e-01 
 1.200e+00  8.732e-04  3.978e-01  1.200e+00 
 6.000e-01  9.378e-04  3.940e-01  6.000e-01 
 1.200e+00  1.142e-03  3.921e-01  1.200e+00 
 6.000e-01  1.170e-03  3.894e-01  6.000e-01 
 1.200e+00  1.419e-03  3.874e-01  1.200e+00 
 6.000e-01  1.409e-03  3.856e-01  6.000e-01 
 1.200e+00  1.704e-03  3.836e-01  1.200e+00 
 6.000e-01  1.654e-03  3.824e-01  6.000e-01 
 1.200e+00  1.995e-03  3.805e-01  1.200e+00 
 6.000e-01  1.903e-03  3.797e-01  6.000e-01 
 1.200e+00  2.291e-03  3.777e-01  1.200e+00 
 6.000e-01  2.156e-03  3.773e-01  6.000e-01 
 1.200e+00  2.591e-03  3.754e-01  1.200e+00 
